36129044
50039518
20396551
03474098
14465359
40146436
08928337
04468821
44156949
34299159
47408654
42684146
05388213
39943585
51626088
32315709
09183735
19023097
07250835
31228526
32144680
52433044
45085832
52154848
08930095
43388072
50300901
49634658
37376054
24464952
35185563
23636648
04382727
11282432
12126445
39310931
47598960
51759511
20209365
45249411
44647208
07279278
31591267
41341666
37177272
52066295
07393932
08410058
16740114
48322017
36150540
15564167
43516995
44051321
22403073
29132708
48952018
17044516
25772120
82695867
31088105
45093599
07720233
50137443
22953677
86534906
11886497
11448786
16643051
29093188
41734959
33342131
09103818
39556117
17567980
44450312
22798423
49466323
14077520
17335907
18581683
05674545
23352066
47913038
46061463
02358899
62302773
04768377
50325829
21920208
11044066
36649558
40768153
03360950
12544075
14472353
31508133
43966178
93317071
48962113
06077961
34096779
30400132
17208658
34453891
10224662
23198850
03738710
17561118
22030264
49234182
07151812
16828695
27935730
21793441
42375950
04070230
46734050
28575061
50042964
76554179
11343701
03751848
69112803
51163250
46231412
40349312
29698361
11574921
11280601
73661324
24573302
10755237
13497084
14142597
37075811
35167085
49506162
45092344
50600549
45993810
07947570
51035280
25257370
48163895
47458197
21473786
11685311
55197957
04050062
15274577
06052842
04837782
44102338
47073401
36712345
27426866
14687834
52058048
32157050
30182237
09078002
49858431
21540276
07528741
52277863
52217236
38200979
28036172
22509469
03998939
19035232
12073638
12108293
50641643
38480527
33499117
07541630
11348868
36701094
35355687
43065113
34868533
93969707
66190118
14605791
27879392
20360275
04636564
44930431
37604053
43467222
30199641
50546892
13896663
51857251
67163611
49134001
27796271
51035162
08298082
15455658
51615114
37834460
28754270
38142880
12322125
60661264
36081929
08919786
11154054
19395476
53999567
48136159
51978841
19171932
12970557
18955935
18641953
14952765
52046564
36261932
03772229
35448395
01405196
19631526
19651129
26347156
24264978
48362317
00785172
48620172
33652208
51286184
32721684
13269416
37806449
41383196
54535064
37929966
23636626
11812942
34862513
31406427
07043693
24603686
21985815
08681197
15095618
31343042
44933822
03903881
33860074
33906703
36461162
32808194
02076329
47702175
34321706
22006435
43529983
18693277
01074477
25175927
34212789
45116473
21494752
34452022
16799332
17942890
32255162
40447348
33969509
45261795
44541680
41535450
50276986
46617252
01891491
46072282
58710070
45683453
49156608
41001783
29128863
47060849
32260007
39353624
49047965
44113160
51390248
44318972
05109468
43264330
17740185
46978054
12013565
05639103
36131006
34819988
26040206
47806486
10768367
38313878
41748968
45721596
30715515
49643470
02345002
40473580
22839692
39711104
34668772
50473742
05073357
24722915
34397966
26125257
33823013
29189197
49844654
31586074
27423187
43334907
31819125
31356803
36700156
51200581
28811303
27096875
78217858
47614062
50619704
32324398
24032407
21333635
14447824
39314391
24846534
09254223
32486081
46934012
26875201
37572208
49947881
44591678
21309535
44952842
21536507
56238833
37333131
27153807
05685443
42803315
43954200
42988062
36517646
41991839
51429383
35148308
01634673
26715071
07753835
42110537
28805351
26485980
24059751
29833847
40330132
21447778
19436615
48827140
21962298
45702475
44799855
30351776
26510325
18572972
28791086
37146747
12933988
39658807
35982863
62850553
13523845
54286403
29265186
59941155
10397998
28153764
15466091
36946345
08243311
36062101
47314352
34964227
11299215
34352709
21543396
43805653
00578776
16755631
18635816
30166749
37406687
47622424
15113625
29617395
01938807
14902885
36922239
36607834
23983196
51535420
37433873
50344470
21090380
35976203
23628817
23312076
23172077
45201321
17937824
50738791
13165403
53795552
32994598
47632570
36833981
32490113
61189431
39366212
50416307
28199668
29946988
50828351
40076894
51704383
17236601
36243779
45834580
22021085
02571615
30480736
04298584
22991438
22655194
18458975
32445680
51660770
08876977
45223978
79822169
50915303
27510800
41549741
77742955
53469277
48814483
42729931
47691768
35802338
22293365
30813185
12846488
40690427
19023843
10200145
11774075
25965907
37853572
11055700
24556619
51413521
44514512
40274691
46592396
29663940
04153910
50091264
35003093
03817365
14806007
09550419
31347072
48774136
35557783
36577319
41637990
50272634
14268740
34168149
22967907
06046109
29747530
47034923
90494014
17331220
03652452
08626975
02786624
32204651
11095543
46462026
49652098
33758421
31290598
14870741
47239687
48527249
16690536
31084305
33738401
22245020
29482168
47618978
37295487
27328389
43262527
36759739
11716936
28860080
37628030
13982179
47599445
49084540
20254986
05395814
33445525
22760117
11580269
24405967
10396165
36237258
24024337
37001744
21551745
41975055
19734227
40949020
49256268
52965314
52262756
36556443
53443627
60502117
16610480
32581941
28626363
55518405
37365700
33863497
84259027
38143067
29761115
09332817
17964089
07652130
58450458
35568295
07892831
24958391
41719880
10752464
18816825
28737462
15383529
11495597
14543042
35456659
35874959
50630469
49838534
21543637
28770137
09059821
37636249
26145942
13466483
34762741
02633864
25080535
35333466
34389202
31760795
03496728
26833976
23640523
02029362
34513622
21826416
47958479
42537107
07767468
33162282
30659500
31302315
33779445
51233999
23072915
32105313
35989207
26786803
04214023
09395480
10967452
35842135
41514102
35460768
11248934
42262910
18072973
90985904
02671498
37636805
28391576
05552446
02564566
50296674
46504044
97519910
29495023
03764768
23503739
17118963
34131228
26574462
28723501
51809605
48572478
07065674
49182039
53086580
09065576
38180304
04172611
33551017
37286810
49801414
24873818
48907256
28988704
40010557
15055224
49477479
07861517
11075071
26263059
35540274
24953430
31453238
17717445
35763142
30924352
01150603
23056475
62804683
44768057
31174192
43854667
08028012
36516455
22915713
17232176
34035134
15646703
20604756
49200255
24648828
35152816
22327120
45058274
24290183
09239338
21679843
46816691
51192765
47949549
23269570
07954291
48193245
29260506
01898694
25510829
39695423
18161324
39655628
02461092
10419834
12773194
14795597
41655566
25307974
35702253
47066127
44525523
01803886
55817883
34980526
07522636
18443349
47808386
08304964
57741141
33810939
24710993
16501880
45671255
27262462
31724745
12388568
04967477
49142080
32426859
09015265
40939149
18928082
53674535
18428558
11418570
40004043
26451107
20452893
04459575
19561278
23178317
50380323
19240576
32680640
10245308
22809637
15008021
51846980
50542348
40128055
14084245
04709559
07672840
91442186
34733558
52187006
20353353
27384253
17211591
49889551
44271128
40646700
06350700
49006743
26301110
60701396
50485208
17895967
37312412
14175749
42807769
09318721
27489565
09060733
06078319
62105833
35562352
00020601
09601785
39913671
27604855
04819377
09389542
49983972
03353258
04512790
04626774
32946079
01857859
36912858
44637295
37779454
45337606
49982459
30313079
39857225
04643029
46379528
48560242
43330472
09417859
21366783
29519847
11761469
13617701
20790691
04830183
37221507
09492333
08656417
21155302
78615697
17159549
10621073
42316358
02497684
26600037
47994705
37363255
35993956
59590722
48701464
48839363
49804279
38652127
21827635
52010925
33671917
45770117
49155574
29357062
18383445
44005552
11737857
48355233
47771350
42816419
46403014
41549037
44062587
08847476
00833027
19621426
37440183
10739367
36159557
27537754
29653668
09617152
00824044
52082118
30966697
10869214
26215064
51429010
48354627
16561156
34686699
45057168
47627897
41194482
43106324
04452530
35161244
44216070
09479249
12209046
46099527
41608991
23022155
48806569
12524402
44162607
26541385
51695066
35588873
44645670
07689816
34974982
22254495
14064360
15056245
31612939
03430732
30868048
24466797
30677219
34474257
28693782
31948225
78651361
46317505
29309381
51229600
24331877
36663349
17328595
55189377
10737808
30741260
35470280
22958002
44823004
62075922
22249081
22081259
48879570
07971653
34265449
14958828
49744771
05946805
34605705
23828656
23227868
31353888
32742340
17464745
30430609
16525106
42902121
09066947
18706479
10675107
20821150
44221139
15618262
11847525
03134535
13688743
20126541
48159761
05350145
50742526
43170870
57906245
42215639
23849371
08444198
47205162
53941333
90629726
45069035
06188345
54113407
37452887
62696831
45509067
46367186
40960479
21323508
32631924
23077753
94690476
52856225
14718619
08736193
03970612
44939062
43199266
37126561
19095161
33658781
31295378
50807909
07799333
60326793
45949802
28218257
14976937
54557334
48951779
50114912
43543728
53773060
48393247
31763496
15330584
11408528
31135527
38534471
32967534
14875398
07661152
21425068
39326019
38710249
01746814
48245679
08352876
22120055
42052969
32731261
34126456
42954881
33265351
39956569
17739775
32683961
46722790
25099070
50371255
43784139
40840448
40688248
93139939
50927007
40084473
43109386
65833188
57934107
35010112
61533885
39735093
33611467
50253305
23783205
11294474
38001090
03546367
36500149
36230974
40532980
09584945
42128622
11486454
37414979
21140856
48668778
39650063
29852838
36546514
48785720
45810070
62574123
09208397
35959647
17696593
59306203
20258632
09637636
33671058
53838461
30118744
45741825
13280754
18500646
26325901
31328580
37269499
22602912
09506666
10248272
48364939
39858043
04460513
60918982
15644473
56211039
09557557
44576647
27970117
37557548
37737298
09468941
32495253
42789332
49177419
43348862
23890428
05262717
04352162
47463392
05679879
34898912
03263381
21976181
10370941
42071630
18541138
32968493
03893550
34255872
46408693
45649727
82667429
02359645
48965284
28540822
32800185
37986462
22670283
22256210
10577290
43607508
36738155
47217295
47895790
36786398
14158741
08250859
35050791
38314764
49782251
12122429
53696076
38210254
23140602
61363720
27389916
16674977
39808193
62226271
48012799
44275401
42223847
28682034
15407834
32554622
27241516
43820930
03376049
23649347
30020792
57777324
45011187
50272773
35115823
34957182
30639050
44284587
29459635
25028043
27539844
44024803
30545688
45024949
03173528
22338087
20765358
52729256
22666890
26463246
08943719
48934051
43985585
46549843
07794113
52148305
72927098
60474732
11448419
49462101
05238226
52510397
16731295
49384831
10461612
30602062
19501333
17741947
42999548
37030197
11122147
46614706
05659069
26185985
63473235
15310700
09042557
11034633
35234968
11848432
30859385
52327651
33778334
32226439
26509753
23677547
43014144
23632346
07555054
63343743
41179372
32488558
44110578
40293840
49823063
41417815
18898721
08222532
49303770
43697049
03595992
19282948
49033808
17614977
58603382
43370577
05781469
40806544
26279655
11457214
31875491
32971587
03923210
50012191
52281629
46740966
37303032
41365871
42986247
45692739
51078627
26756847
35015990
50848974
08356324
36689132
23929121
12313631
13595328
26217530
42205746
39924355
52015540
26951857
28471211
05510322
23466080
33572329
06115132
30708225
04013325
43470966
43977567
52203787
43576865
30444985
48570148
20439280
45982301
43738861
35274571
32255428
62739453
48727071
09075688
50586911
51908735
39626327
31528442
20587933
33863446
11809435
31737031
07884308
31647426
22760122
21025124
08612344
40787112
11511010
20322030
23599461
26639860
52220811
01649592
50865532
51816157
34501185
09417039
01255830
25112034
52602069
35047701
37443120
26171221
59413631
24744111
28299067
51705639
55442151
51377652
19742883
23807401
36180877
31895786
49620705
08945617
31891216
07445592
48515821
58274693
26739549
09065479
34224084
22827691
05126027
33643773
59999300
48889866
09192374
38056780
07336852
18012449
46386218
32291192
51480025
44049202
10483826
36113332
27105404
33045185
30808682
26700036
72782105
49997888
26764858
19621826
27191539
17799587
29660333
09523737
48984913
49540047
35129671
10573631
56944118
10296120
48539677
15331860
15127462
20238064
43880927
42546553
42855608
43652693
48763547
95275871
29664833
51195532
22281117
05775417
24894394
43540606
55530248
05421890
04506594
47406994
18022675
25449144
39696488
37009393
11496457
13749688
48968577
12021001
52111287
63681787
51366481
44591538
25331925
26940929
33582380
37194662
11673228
54455994
35741761
30095601
33547885
10805526
33735985
28224549
18755187
43925889
27080668
48809609
34908468
46995033
17505782
95376133
31384329
21025535
07387011
12905098
42855004
34894801
30820197
26974163
47855720
34023199
09293800
45375358
14730835
01680593
47910075
12245001
44284455
04103687
59272362
18507940
30740875
18804931
10234473
03410303
04092104
28678823
62509792
06101096
17474211
02835063
17089672
28142530
37532344
49974607
46457244
23248626
26112199
05783974
47324688
11903016
02803284
05475878
48463396
39331028
15454009
10924162
12398481
27454017
05202302
02265747
81616153
49450368
17577025
33311372
27847127
32865568
33351750
05455661
34760972
06163479
26342391
40019708
14921185
04372852
27248744
74155235
63605653
15307364
27436404
11663088
20300340
21425367
37171394
40215569
35170763
27763923
03444793
48418215
31381019
13267823
34536089
13006619
24662403
47215846
36682460
12708638
48156815
50059875
43072904
46643726
32109237
03001037
51900748
60611770
36531554
48691498
35631402
24217877
51036798
46363423
21823227
07393165
51983494
22199735
49860615
14480788
07054930
04437900
33666763
09649603
26225892
09515716
42684978
13107901
29113455
05801301
33698264
31424058
47928223
48401445
36071953
11186837
22668077
11855250
46396661
04012611
54413783
43093488
41958415
19659137
56008456
19396866
47203323
14377619
56423383
55994272
45820343
43766449
38352242
33727193
21202640
46164777
38712842
54188683
57897525
23829339
36420190
11452561
22308624
12485349
55314457
35039763
20320346
19852115
40061989
52030957
40180089
05363976
39903866
15168182
41496203
07925089
47011565
16888972
46032177
04318837
43368832
31831221
26712211
05428283
58563298
34427842
04719096
06878601
42508758
43191292
45462088
09343777
06318717
08195965
34838505
40286926
13290715
27679149
12576613
33859997
52095730
32782862
49779362
23252645
50542400
71654735
12250794
38242551
19501599
50031544
08214592
31764962
58937571
25128644
40175505
32231500
16006991
61778411
01129355
40195148
23273736
01873632
03678241
75073726
13853192
40457390
10206818
28783572
47112336
48518528
13015242
12122484
24193771
40619453
28924196
40086572
25341188
48913648
28302458
20596450
43072748
18168650
05794450
32998509
43119216
18517845
41705577
49684140
33448516
49628064
91984633
25296923
80674393
04685745
38393741
19710635
39915287
34170448
29861434
26648171
60894203
42102907
18129472
35715175
39696251
36427423
31022740
09312814
17194232
45132274
19025622
10878958
57513390
37666684
52045030
29283581
22319169
61685995
30887164
27836476
47680240
21435016
43045216
14507753
48926581
06237793
17215347
46659923
29660778
09367161
49203282
05624412
32296995
35101580
30527908
28960375
32846462
14273565
47910006
48052780
08389693
12656585
41037902
37082352
34728021
50163281
15370880
11117014
04751270
27040055
19722500
51026580
02255322
20004683
50013627
17551558
04976091
50764376
40509802
44670444
44731832
31059617
16945447
48912581
46697696
50825437
44562733
33300183
54540769
10400709
04655579
37146001
43115353
43623881
49479874
43639042
37908684
48628380
50316123
62857844
28748353
36977280
28112930
12611916
20280836
09653769
52167390
34453212
06172310
04598545
31703783
00550371
45151854
22027860
27186882
43395145
18339094
49447301
05559334
13396753
35441639
49174290
36981164
07125539
45775235
36667941
21262643
31420749
38161961
51864129
15078544
22229097
61910068
18855828
31537056
26267937
48348424
31361043
47233207
05950920
20469022
32364083
43891901
11961781
58951188
51316428
55643935
08971203
09008554
10707190
57914436
49801401
18142559
02211009
25275593
58375439
12317227
14368684
50442503
12967003
32900642
41123282
84825850
11456605
16887301
13306268
23539946
46988445
20595527
34935350
27531020
46769308
05933990
35578973
48956035
52161739
62610430
03039202
39225859
40612161
25055439
15661607
27614969
20361167
93193191
35689367
30851111
29855712
46499931
26816304
00416147
24455968
17540597
44346792
48756711
07916918
33011709
00913233
48581256
49170594
21647306
24262762
05202108
25110414
14572163
25317238
24690292
37574645
34738748
32318012
48974892
50426344
35899927
18972352
39236604
30308578
37865930
46014050
35048400
29314935
11537282
12540566
40763850
29561633
20604518
20758484
79461828
46635146
61107769
16948209
22550989
36457533
24405034
28396139
17160828
11579983
12890788
34056109
21855082
08619332
00766000
17792470
41199418
08888256
15677169
08585300
05840757
23094389
42770554
46113888
07102857
03652811
08789324
40495081
26815195
13918846
01812813
21174265
32074624
38129479
03423411
11153581
49264034
14887060
27842980
26669694
46147109
28643649
50158894
52810784
29357077
33709214
50631091
13253884
19420606
49069302
08106801
57996161
38463178
33061983
29974207
15063358
05156333
41322302
26336690
21748390
38392669
41770345
01235151
19622584
22654039
49001538
28235378
54304121
49042895
46773458
10382263
12068163
20968209
08361053
15777933
37104219
30619918
40649847
48240134
05415271
45129410
47875972
18546969
50205838
22297020
43363194
41240248
30818689
19153282
31393307
05200179
29258555
50428692
21543336
33872768
12648050
24227502
44356116
31843417
53267490
32760912
35002020
27901500
29500818
13469169
50825149
00414176
14819118
13803273
56893325
36338875
19932955
35871552
39877282
00556225
49686434
13545551
31751045
51125132
31375125
51733439
34450697
23999638
39374359
36557425
38443828
08437917
17830120
63875611
07654754
43352631
02734459
29934252
41471974
32253011
33093491
57515169
42947835
17773779
43959008
15377450
47181238
21277950
62296916
00886797
22951600
45819977
47952404
28396763
20912607
05148156
18412609
13213607
38200171
09594651
51811224
47285577
35581337
00394036
40685582
37561508
46662253
09008797
48378514
41748138
34642304
47531443
22885960
47790546
31685156
38659541
50685640
29173116
36899404
48740311
40394887
26234561
43728711
26197029
30047522
04515109
57498191
21765069
14735330
45346385
37146376
22072374
31199171
44612582
57494706
45719057
54905790
48598020
00854926
25668781
16823731
50165256
20864702
52263634
53137958
44075709
32833165
27263832
23584273
29843027
44688749
49627785
43538341
51467900
00544005
41184766
39795303
49214423
47588765
42266922
40099007
47074518
41490722
24578002
02947854
38501713
36420681
10288407
40182323
26194954
46883011
25182096
35896793
35472025
44425037
20540546
44552598
48625702
30811919
94853678
52493185
16874485
47953911
72884091
30789750
45252261
19437068
28042338
58410281
27358573
58555237
05724077
45868967
41437933
37794585
07182261
49306358
17943890
20549997
57732221
63808976
48943972
51137803
44100460
30618501
14323912
05804284
51180258
47364052
49645290
46228800
32213348
47408221
44796256
19952405
50765680
16369588
27544383
52776110
33280000
51459976
51011676
47770872
17980845
29799489
51527634
10768185
55469102
37516174
26279450
28984729
28833665
59207586
48718646
05860365
00526423
28091062
31407628
23367581
09213819
33036983
43117278
31683685
27487828
31805124
10435546
50162583
33061465
41629557
47614576
47487270
10947930
49732600
33079970
26352225
30313707
25157568
48816159
14710150
92898758
28839458
04190416
26370679
36358970
26410435
03081509
18298581
40706473
22109566
41619501
28448723
20139461
43437944
08021757
03225441
08753217
39393941
34689279
43372529
60746780
18730050
51668861
36981643
34441621
17824098
08883197
18922664
37467191
11229249
26739320
18392465
14862548
07897942
48650083
42192493
36833834
07847137
09196565
17467642
48418504
28493287
02648146
14174683
20590353
49786278
75585349
45918367
25102120
17472227
46957062
38184450
14241160
19370810
24389802
27793015
06221939
25183619
05088835
11032056
26895949
16878208
21230874
14764593
57628461
35365132
32634488
50527842
45723586
47500546
50041659
34253725
56130896
34229303
35765779
45646225
02259684
60938280
11133952
49194952
82663097
33247491
28739816
15154657
48082060
58453681
09220860
27484670
42034414
00600262
11053762
47924939
21957380
12962407
25143356
08570707
17489361
47351040
31552731
31760081
19133726
13787071
51143666
50660639
13818401
28797691
31697881
15662618
46242985
17176069
44301937
04501781
03863583
61582356
51192269
06181431
44391678
44474674
37288049
33010114
46229140
31440398
40914254
47260084
38147868
49032103
46938567
24843210
46870460
03828278
17184154
24702301
08287977
37676348
04249110
42726684
47769713
36372875
19425098
28713520
84539873
30309874
15063056
48195772
36212936
26976037
06292454
22524129
35814429
37995203
53255189
54590576
51590061
08703014
49152657
50204482
40277279
73379737
49818463
43953252
35634792
31474993
00492510
10276952
06070259
35826120
35933949
46404407
45642961
26805224
07421872
48990112
11269887
36734370
20386473
26932017
11491071
24243785
39792861
30622511
30996523
33186416
42627186
45291971
51232599
30694635
28240165
30263569
43136427
20310308
18282248
37767347
11767132
12627552
53795596
03296378
44777620
23821802
31600030
13373346
12213904
07226527
03254357
28630761
46787360
33101863
18242155
26569779
11095725
23242114
30649553
49617750
01229680
34762926
22358057
17678462
33817886
11362836
31852192
30245440
33583355
48998662
08409714
23871615
51322528
32678105
30292116
23506376
30196057
46545494
47045196
03844673
61543413
33309583
21376164
31101990
52038440
32527486
28313769
47030329
30446179
42431456
04390416
11196406
49248630
05634235
39391287
09041713
06959388
31835988
60184442
17470198
24595789
11232108
33746915
27559484
12968127
32299454
12485998
41046037
22010083
33547053
45502054
51213980
43086563
28140593
07367739
42477538
15125514
22457942
41719617
01652774
48161458
30090316
52892708
34512009
42462247
05811982
68622646
48916031
22483207
18075575
41322328
18973730
49361166
54876797
18627253
32620670
49306886
21107387
14924248
15083897
36741630
34843923
04936427
16806595
29299615
29695500
20428922
23596731
52269205
38317825
27478725
42058020
37314409
27389167
26286408
26313436
06374693
49443115
27869223
29104751
31170373
19068603
43537379
19051587
52214074
03816594
15056801
50046906
36365175
46450437
34408160
11389461
04716758
25141567
01446332
48495908
00055934
36692540
28079436
47053296
31254059
03739483
45177264
62437113
33888022
23389911
09159153
50094811
48570460
04235825
29962916
62269116
29244409
20266741
44469209
39776134
54228420
11427781
07580412
30838477
34626388
40135406
00905558
07244034
48983404
80256373
05141666
42677100
43383659
54699823
49296226
13980667
50624750
17168924
93445963
71172993
31900498
14332817
22877545
22353457
02945696
14477392
40651590
37039688
52223389
02026745
06915112
08965801
36910679
46649970
36553708
09237589
21507347
22032930
07512095
25451473
11668965
58093187
42581662
46565472
12742233
22414709
08703772
44392122
43090967
03873944
25109200
29378587
33916580
39616044
46295816
20298876
32203498
45439112
38445541
30553709
25187266
43953588
11790382
56249096
28067514
07081165
42924946
32766835
34567876
51519383
05957229
27157888
30915861
42248546
37219618
38349702
11355420
49729357
40314151
58894226
13971970
12501242
51506371
35563366
31627637
26040158
50422898
48159570
08518815
10543238
37481293
04878885
05372103
39778555
01136190
34464729
15530362
30921128
07990809
39958512
09035359
50792298
36905675
45635663
31486195
35543653
08755126
27652900
29742554
36823178
12701194
48723208
32085696
46663071
33377590
49593019
43664619
33865313
42185803
34084239
49016177
21877301
87468518
25096464
34667615
26551513
06538346
43672315
23905624
14493691
49006703
12989929
48914723
35386534
58439487
26316610
14135444
10235031
48871766
37602987
16799920
14289879
40574479
24355787
11327770
08950747
01968526
11162645
58503460
05076662
04032776
46792829
26273355
07826036
54204047
46196110
33106484
78383551
31130105
04197127
61603628
20212341
26474674
04986729
51884611
34750409
35644224
19027092
02080163
31031269
15259749
08660725
36434183
22477291
24707643
17738159
08473649
42715058
57029357
07649623
38301375
28414851
35062028
48972778
12132424
51144873
17535498
27643864
30681398
32184165
32399837
20521315
12778517
47236337
07487977
20053125
30348191
19184614
09221520
33267264
28752207
44771936
23008495
33701078
84422229
49981818
45941590
35177595
47027995
34762347
46475188
26596027
14335524
41050324
49596087
53071177
30777081
13514574
18272558
42168926
28499533
62452336
58544436
34952688
10663443
40349536
36284019
13267169
59213587
57743331
23774669
35795659
12006297
28494319
13213164
24543368
02059827
32338094
26640812
09235848
49893413
30971075
35256084
47580721
49393141
21186059
37026734
34781778
48568585
33750111
07706927
46069281
30146842
43761110
04345537
37127071
02707244
35771706
46591216
58664637
37987560
23706117
46184410
44795715
00641723
21324487
31707442
57607045
31196782
42994044
07871301
37109636
37684337
40838640
34835149
48004247
18466503
52200226
57279342
43712641
04584995
24231344
51110049
38320242
02574559
26404278
31408709
11859916
54401207
18732932
21192214
45236980
00434558
13444812
45327346
27746321
54921626
14101627
48696779
25232607
47378068
23370823
23224655
11204318
18244153
39890151
39264944
35764640
17891025
03803449
07399227
40877666
07624202
36152354
51411190
35785196
39999770
28348204
07649855
59196333
87849287
13319290
27798821
33813673
34333233
08226310
25999845
31653185
46029098
47099607
33770713
60445353
41884533
17957277
39243396
49826709
34864200
43209926
13822943
47164920
49266433
07899160
18319326
40932159
18855014
45008206
28145700
02869023
23067729
15732379
49679050
27422171
04478187
13092415
46707934
50763884
09309697
60373689
25296405
46469515
49198775
57358991
45087635
70122544
29309949
46808662
50536969
50065726
09186890
30025486
45630846
46340797
45012616
59019199
07815288
53319773
04688085
52647574
50970906
35774375
16695514
07160844
04477066
31851119
45929333
20227289
66969908
44479061
05092265
19054993
14024718
29480075
41754836
62090754
13307298
28180262
42837499
26620087
06197478
61484248
03918723
62539506
18995206
44678658
00265208
40763641
19421504
05090765
08012753
39888924
49750881
15522341
11199260
27168714
50715075
26279168
40685750
00132909
17830002
41281217
01447927
35634743
62686044
14643778
11763434
57106181
33566445
60413749
47241184
52887988
14330082
62993829
39700260
04318203
36015320
02837246
60728541
62393487
53338483
44355575
24038428
41777593
31601612
26674772
50488073
14606873
27288839
61545221
16853656
45700889
43641198
49824300
48725668
36368160
50272595
55408610
03587077
03719882
02310848
54666894
36111211
12481023
05471395
05028288
27655823
26519961
22675298
37077943
48901761
05214363
21634926
27292300
29845474
27189966
35730615
48353732
44527060
46792765
46313172
10559683
25142967
24096498
20586240
01994914
52629605
26742918
16894265
61112895
56306865
33277046
48790139
60221164
27546329
33625908
44747811
61812928
51581580
49852100
16433201
32879621
51634610
23000814
14119579
17737082
40961973
52142420
31583786
26279477
34309072
51932249
13726017
40018701
14312371
45450378
32863830
24732243
07920676
61999445
38656616
62274146
14516187
45755187
07426878
44042511
04785133
36165996
62765743
35905401
46767886
18473432
57512193
59204534
57831036
50791333
28321862
42493738
40612834
42625894
14600868
42299627
23866715
44650880
33710718
27272896
32697556
46928157
27050538
44815494
62647945
03764734
15348142
33154266
24745873
01343851
48172735
04536599
46741863
49740296
26662514
37642223
45340147
50045985
10780256
46120362
23812885
08968308
41433036
17254402
05545988
28924641
29855232
58852355
57599949
33287056
51821447
26829073
02022966
10501998
71878151
17211419
20116667
62814396
35612132
30310835
22818839
22019754
33681092
07015749
17101588
05121419
20672693
20846969
31798502
15421681
13415080
04080569
07918422
19822028
52014028
07686469
87363404
22342487
45754869
32042649
41517579
28225394
41834012
40546954
11189268
04547258
14461122
36954794
92136878
51941356
33779416
60981814
04994337
12159425
06195961
45254594
24496700
52766462
32960026
48641871
05730404
05523471
41877834
11745698
19878169
17120090
38715586
20323971
21120486
23400612
39822310
49089539
18502797
12577604
62753758
33093066
34746576
17252813
80498546
60720252
50071949
26112202
17783964
18713995
51095584
21940683
30294386
24602637
44349485
30837735
26354058
09061007
12663962
26562015
21619756
33778282
21023674
36626510
49927489
17495231
06318709
34714991
15775589
46235683
58285163
36711504
52071680
42352970
19496607
43519756
09491705
32918395
26838765
23812127
34777058
45709875
11054987
94999018
05645724
04010806
18579824
42462515
59351335
34395717
14297515
29368670
05994547
11998885
21239565
20123599
30531559
14553366
22800755
41373091
13112690
27750531
17110201
14283887
40511802
11313985
44893563
24824603
39843880
05318546
23266842
02127958
46326458
43332686
36988306
19463875
34688958
95805982
09084193
13653893
33567771
31896007
42361017
48241131
31671411
24283054
22035313
08149414
06914536
44455189
50132467
24923126
27907480
22509942
53142223
32758602
39270078
48863379
23598271
48719310
14399602
34514183
29779934
36738301
49412037
12894748
46560593
26030588
11343632
61973097
27501439
48963304
28257977
43685883
03746111
45616135
01902977
45492870
33958201
02762733
04718266
53308762
39967904
31196138
47406825
08331451
44392433
48000107
34275311
27451801
35691981
40218573
10255981
41300825
32392393
26173565
10753101
28512172
17177680
26025660
17221991
28472982
51077233
40772404
30195569
51440575
42827690
37945966
09255998
18144239
38394570
44674225
49136014
13374710
23681127
36223940
32680389
25178718
42620451
19362058
44108849
31836403
32490378
27909194
44036148
17785407
03382000
37128024
58878464
33715221
48111126
17751531
62550035
30154822
47453243
18190505
01541910
30280100
47380268
28619939
46127089
50412890
27969324
39512222
50875437
52266201
33985371
03315839
28836731
61027335
51513683
49758841
18567129
26773007
31904594
23444025
10808181
48750232
09318708
19870143
47607004
19658377
01038572
10858424
13695934
35173744
10852544
50880100
48528224
30727756
03560417
52186037
38281878
17660954
43739017
48346252
41383621
46960723
08997502
44106651
07514303
42742629
01990466
48560440
35813174
53187651
32911546
48740767
60338627
40221193
45520949
52333252
05628381
61741475
34196024
49610114
10914395
21333305
37258437
59620658
05554979
36145536
26855475
48421449
31549510
37660011
03202674
34113995
28981856
36636293
36802713
04525948
26252490
55514807
02233973
26453827
47162553
61192694
45532582
51884434
42100082
55606717
28329618
19160627
37305959
29755108
46740884
42109569
01786180
37811394
22601109
04631163
08704457
18918344
38227956
39157175
22708661
17149400
40156433
72582463
31913386
60238058
04791765
05852530
39527641
34255727
21234345
44809229
26029487
40893565
41505835
46732477
07148397
28930959
27899776
35734541
02799441
27389985
83913665
50349135
35376881
46564054
23925964
51332406
50735120
49497486
33148593
13458230
29687612
41588524
20772390
03071646
48241325
30110914
28379484
23166045
10700014
09410359
08923600
62828057
37942142
42597082
67264820
45464295
50491550
20353225
58075281
43398634
10928491
57236840
23740466
56979359
30742612
76815828
00019431
59571293
07086759
54176962
36725289
12385675
20861559
07768471
46744262
44224493
12019072
31493446
07370872
35858300
39626114
31836151
09478881
47241413
35828208
62716111
02777160
17692283
08934868
20291227
50141998
47711487
18810799
58070774
28144089
48340016
37556501
09356736
28217240
10248855
11143533
10629789
45937561
47111847
52090770
45506200
00721883
24028066
07001059
53012632
32959409
18053238
47708952
45536457
29180716
04004086
50596957
45285568
11886578
11157794
04579683
04833168
49589553
98524721
11824986
02776616
51867043
42188302
48842377
02799539
23738026
36485371
36130339
12876766
41343897
00155158
30653337
15781178
37876630
19486367
26953874
40417233
31082272
09089439
54607358
33227511
31306807
03812539
17061937
46382558
30493884
52111632
00064332
32364084
38213225
32981558
20750094
44903799
09315333
40667343
62663220
12942420
05981092
46811614
40795831
43516983
36504056
35523312
31364606
15804585
10784936
44825802
09299513
47934862
52819223
44380892
11151067
14603093
39597427
47564393
03312392
27583028
12575927
10694642
02913183
18688375
19092936
24129078
13981384
48284474
36272440
23710074
04227961
62464141
03445720
37189515
06081000
04627599
34623941
01772161
49530271
30654630
32009688
51402306
28472084
27015623
33440338
34300245
07959809
27304568
41814339
45584987
73814907
44798202
36180377
45520217
43332579
44065285
01122583
11105813
34398649
42571988
05517308
50516328
34316013
29284107
42223600
06222984
19736913
67183418
40556328
14538518
12586323
45919588
17700085
32928986
50784234
48822979
41465955
20157826
30116592
33595713
12412653
29695658
35784625
09330313
04619423
13937913
08021188
31524205
09529573
30839087
28916445
17224869
30003918
50261659
51285875
33922772
07200942
23188807
11211150
42335298
04517328
12803937
10381755
76681576
32342622
44404282
03437992
10817836
45722693
31699425
46605236
25312829
11486474
19492759
36825819
50901839
45332874
58093399
15816937
55217831
07687125
51943550
49146671
32845454
56912257
28057273
37052773
58932111
21093530
44388639
28416688
43363088
29039182
50157138
36853441
30344954
31849681
45961399
10454065
50363667
28422860
22929413
48677622
32317585
39812823
49347914
38407806
33383799
19947214
48181053
08976368
61775142
42964069
41920058
33298229
35377483
06288186
53850153
07027366
13176941
10291330
37596033
12913306
19681968
14213334
27654338
07861691
33769272
43276604
30587449
08111376
31433863
31455767
51974895
20939143
44256494
05376740
37176133
33519546
21759285
43972957
60087675
08015730
30769003
07391775
36957562
07704610
30006580
80833452
49333886
50076833
42677794
41862891
35986408
46419440
39395758
19805216
40891706
54082305
26794849
50522956
57084465
14601670
59285774
27653438
32846763
08147619
56885754
26552007
18344700
43961278
16909917
51601084
54020486
32386619
61334288
52231357
33355715
40731899
61710820
15280509
55334164
30569382
62360636
35047251
58784029
08281828
72572332
41314677
14734936
56240694
53178443
33779873
43945861
33497491
54273659
17300102
45083586
18163731
34954058
48019662
25527521
95379277
40342954
51825714
18884637
25201589
51868380
19682196
32899662
39290096
43566039
48470435
05871274
29378286
23827281
21075598
25976960
14016701
42481043
18181423
35884366
79554168
45691988
07674022
00303757
36569926
31888599
48089917
26862725
43362269
28094323
47258119
20109064
36112526
11769547
46219395
27853995
48950160
37931513
01941754
10262885
86697794
36886977
19251904
51777294
30406436
33861080
40378111
73334575
18173548
55220234
32413013
33388678
51469044
39420934
62763347
30344864
47940992
37443768
19439916
21027207
12024941
21854371
52222321
08427309
09094583
36336193
28834506
43888541
05623889
29745358
37252106
40488560
54378048
81453342
05290615
24365150
54091860
42008357
81046229
62288408
32485035
07135198
38287084
79347779
46103378
28221615
21968477
50678827
17074361
31467211
28523765
07447405
12237614
45897560
33903814
46295187
24734292
09041147
18036732
17179895
37417688
49598908
02904466
07115056
18570713
07755874
01067835
29982880
42578958
48883621
24598461
43399330
05769115
54968799
60942334
46482794
29212232
50629116
36115397
28090416
21513600
40178102
10282661
44570775
57416381
44833269
07586045
35736424
42307927
02957131
55292946
01765597
55835715
22558807
08992332
12941858
51395221
10572538
28159055
56262507
19062279
51687480
48008684
08580135
31664304
43069285
51846981
23664077
23595360
29782266
31572577
05617395
15394810
11908554
50538870
26238690
47140762
06866790
06372617
45310975
30190445
10532329
34942929
53641310
32774491
15661758
15211732
42620364
73639163
24582586
47417434
26660972
45831077
27066297
29259054
05382314
49121992
42081894
47379238
00652597
32067800
49670571
16528023
38072146
35033603
62723727
67067843
57027976
38374529
48930205
32504686
14869243
26227208
32837709
50665931
82389313
02400780
73307233
42932705
18008427
10774110
09403503
45244132
34394033
18650765
24604801
45132491
43084657
17819397
59012494
40736892
28142234
03859393
11287926
35542866
43784725
21528437
48688712
28676232
07921998
60712824
29294631
07686976
28881512
23113128
27082446
22358412
47705944
11942990
44267916
31635232
48962689
01261428
46728698
47781032
44224587
53662842
43935997
32101741
45341610
07277943
18262666
14589122
47763260
06159808
25331637
55134025
26343036
37624999
30477071
22518964
04184986
26948301
24097464
04806165
46259162
13366641
35501945
51718878
03242566
35489748
27530730
12810739
26181572
34161684
05152528
45087056
17543923
50156518
59984307
00780642
28214684
50550290
36095954
42834558
35635136
59076191
40637222
43475695
00361470
51617387
14381840
33535233
47666916
40042201
45934146
36632231
04048588
34489954
23314293
58785478
37167669
44930207
13632490
30392473
48398643
32799037
14903093
35984845
31306638
46438061
87158952
21128750
09191506
41999191
46495678
43533047
09299464
22966508
27712903
03118420
20887173
12320096
11687139
45122731
48452945
00791559
29157410
02623181
17464737
43804555
31887532
31918233
35832289
46726896
29803587
40846057
42524525
15280864
36957415
49522029
02531887
45330179
52195544
43522743
47140692
15718427
55660870
14485501
42985281
30412962
15581350
35996260
01959011
14209847
46389608
31768037
36494448
20709132
47826843
28420087
24528851
10480144
59059378
42105756
37304616
47783062
34952209
12251296
42354437
24139527
31969590
25057029
55769174
22149649
37679551
28045711
20470718
40943831
34191880
20708773
49642480
36521285
57058055
27059150
33786539
15118374
03810091
07652431
52326058
06031432
31761114
46010866
56967418
00427868
44534439
07479162
45935692
44909411
24386553
48532252
28441402
05640487
23430161
26910399
45959329
00681448
44779958
59107124
47448651
10220165
41661985
32420507
35249405
26488827
52226989
50137327
50653825
60784571
20542634
32552159
38408740
31320516
38028733
34915524
54359841
36988690
42326374
18502520
15265600
21200900
47122493
50119629
57133923
27547290
44116258
16552865
28334201
51379713
35609941
24562536
29032439
49768372
26401495
22617444
57226264
49867678
21106498
46978108
18551419
07573578
20892161
15633207
17772844
48953206
48389463
14239653
33752780
48308140
45620801
50967937
22684604
44285965
41188441
32096472
16829613
44235310
31319159
19208078
62095931
09241703
12654317
15034547
35414276
49797051
50533770
30024983
37319678
36652057
50109268
28487227
41327699
18500225
14134729
35798944
19634170
30359427
29650816
47891943
11386832
42136700
20157802
60809262
38424779
07989772
60487681
29177911
44378919
21467396
61845939
09418160
21613614
35055098
17820495
08752660
61480146
07723262
62631297
04264553
51848584
34057228
44195986
51166230
17906519
15068896
46423593
50490915
23586422
03633310
60653943
08302546
26401272
14851723
41602326
42523665
44769386
19703280
47316822
23058974
33386961
57184229
29933084
30209090
53921708
34237770
22128444
28898810
59386902
75344242
19327323
37923395
15457862
07936050
53623372
60109987
52518612
34657123
34599663
34969558
60994938
76459312
56199843
40388812
33903677
52188535
23109194
30622154
20725623
49672620
03821860
19763232
53493968
86919958
60531539
40899641
51996089
18815167
21642697
47860682
56266188
25288521
07635602
59342095
16936810
32849395
62642066
35275493
57832363
42364004
34112439
26690726
07628733
45901408
21942568
03702382
00782445
46880515
15607037
24218186
36674086
48579828
13714240
53590788
38457812
